=======================================

Nome: ./matrizes/matrix1.in
---------------------------------------
Matriz A:
8.555000 5.785000 3.186000 2.554000 1.408000 6.856000 1.037000 7.805000 9.334000 4.038000 
7.468000 8.777000 4.322000 6.536000 8.372000 4.670000 1.926000 5.597000 6.896000 1.002000 
4.655000 6.531000 5.799000 8.784000 1.852000 6.165000 1.019000 4.231000 3.948000 7.123000 
8.009000 6.543000 1.842000 8.391000 9.484000 9.331000 7.780000 7.760000 6.605000 8.737000 
6.421000 1.837000 7.407000 3.746000 2.143000 7.887000 8.623000 3.851000 8.848000 9.792000 
6.606000 4.245000 2.307000 2.274000 9.891000 9.951000 3.424000 6.543000 1.442000 4.388000 
8.845000 8.685000 8.342000 5.136000 5.101000 5.483000 9.396000 1.501000 8.385000 3.766000 
8.081000 4.253000 4.673000 7.745000 9.889000 1.736000 6.042000 4.037000 5.831000 4.671000 
9.797000 1.305000 4.483000 4.337000 6.086000 1.052000 3.725000 7.858000 1.226000 7.283000 
9.718000 1.083000 1.365000 3.686000 5.995000 6.466000 6.625000 9.426000 3.193000 7.510000 
---------------------------------------
Matriz B:
1.040000 8.160000 1.968000 5.338000 5.230000 9.282000 2.048000 9.686000 4.860000 1.427000 
2.420000 3.536000 7.584000 7.587000 7.803000 9.192000 3.561000 7.448000 7.158000 8.804000 
1.267000 2.416000 7.263000 9.881000 2.097000 7.837000 9.396000 7.723000 3.774000 3.134000 
8.588000 3.944000 4.041000 9.298000 1.215000 6.373000 8.291000 4.280000 2.552000 9.819000 
3.625000 1.801000 8.380000 7.211000 4.417000 2.445000 6.983000 1.927000 7.848000 7.070000 
5.612000 9.768000 1.689000 5.477000 9.014000 7.919000 4.819000 9.890000 8.708000 5.416000 
1.709000 1.193000 8.477000 8.197000 5.181000 8.502000 7.969000 7.434000 4.563000 7.952000 
3.460000 7.137000 5.944000 6.296000 3.776000 3.729000 7.582000 6.510000 6.605000 5.050000 
8.981000 8.926000 6.767000 1.308000 8.495000 6.055000 3.876000 9.126000 7.015000 2.269000 
4.813000 1.779000 8.922000 4.881000 7.251000 9.691000 7.682000 6.152000 7.386000 5.370000 
---------------------------------------
Matriz C:
224.488267 324.980440 271.922919 282.047662 311.102522 365.134825 266.742886 400.549532 323.866668 235.812811 
236.583498 294.468581 322.309790 360.817639 300.583449 371.684599 314.526263 381.229728 340.013897 314.742602 
230.862743 252.612047 286.293519 335.415581 268.334528 375.391702 312.968717 355.622269 294.794858 291.727211 
326.820520 373.423769 442.630329 472.023371 422.071702 519.221102 451.325883 509.387316 467.429351 437.745043 
259.362867 306.629329 370.008601 369.178327 353.941550 462.246168 380.750006 461.405538 366.542412 303.875027 
193.855550 269.932474 287.658072 329.799610 295.173955 340.659670 302.391251 348.831118 342.644237 287.287528 
248.838170 309.507150 395.537072 425.921971 362.602991 488.681116 379.736691 480.133709 376.946826 352.964792 
235.864840 253.960543 355.544629 379.777788 283.938342 385.005016 354.477605 368.559028 329.482238 325.732385 
163.857161 218.157082 283.601015 313.627044 224.651057 327.890759 300.323685 314.770675 273.157113 242.025520 
212.889518 291.958670 314.106311 340.979600 302.877369 383.796153 334.498377 389.968160 343.250824 289.134485 
---------------------------------------
Vetor V:
2333.423134
2895.630085
3329.612257
3609.588593
3125.277465
4019.711110
3397.741364
4010.457073
3458.128424
3081.047404
---------------------------------------
Valor E: 33260.616909
=======================================

Nome: ./matrizes/matrix2.in
---------------------------------------
Matriz A:
9.746000 2.693000 5.223000 7.130000 2.194000 5.460000 7.370000 1.388000 9.209000 9.084000 
9.128000 1.324000 2.284000 9.775000 2.449000 2.211000 6.563000 9.371000 1.056000 6.579000 
1.189000 8.660000 7.415000 9.226000 6.763000 5.068000 7.867000 9.115000 7.492000 9.028000 
6.213000 8.978000 5.286000 1.792000 7.176000 5.660000 9.983000 1.946000 3.282000 6.756000 
1.209000 4.199000 4.475000 9.790000 2.283000 7.128000 3.847000 1.095000 3.601000 8.843000 
6.972000 8.900000 6.866000 5.278000 5.873000 7.878000 2.919000 7.408000 8.566000 9.463000 
4.555000 3.214000 9.346000 8.376000 5.325000 2.867000 7.508000 8.603000 4.443000 2.237000 
7.109000 1.809000 2.802000 3.309000 8.162000 9.588000 9.427000 1.201000 5.276000 1.449000 
6.059000 7.707000 3.739000 8.433000 3.123000 7.195000 2.688000 5.410000 9.564000 4.623000 
7.875000 7.414000 3.781000 1.679000 9.917000 2.477000 2.177000 1.933000 1.246000 6.313000 
---------------------------------------
Matriz B:
8.904000 6.316000 9.182000 5.778000 8.949000 5.305000 8.547000 8.926000 1.312000 6.585000 
2.616000 5.347000 6.708000 3.409000 7.858000 4.193000 9.210000 9.276000 3.953000 2.535000 
3.197000 3.909000 4.209000 5.976000 2.977000 7.712000 7.218000 1.875000 9.470000 7.466000 
8.923000 3.880000 3.911000 9.691000 9.674000 9.952000 1.731000 4.696000 5.630000 5.757000 
7.347000 2.588000 3.863000 4.013000 6.767000 2.940000 2.155000 5.835000 5.916000 8.269000 
8.620000 3.728000 3.663000 3.124000 7.847000 4.394000 8.342000 8.778000 8.089000 5.078000 
2.951000 2.930000 7.762000 8.884000 5.703000 4.107000 2.735000 8.367000 7.190000 7.152000 
2.680000 6.529000 5.607000 3.989000 1.921000 2.011000 9.441000 1.736000 2.819000 6.101000 
8.862000 9.016000 9.056000 4.814000 9.904000 5.913000 3.763000 7.414000 2.786000 7.493000 
7.160000 7.752000 4.824000 3.161000 4.025000 2.016000 3.861000 4.157000 2.143000 8.255000 
---------------------------------------
Matriz C:
409.447019 334.173130 378.103231 335.722327 423.060951 310.499434 311.406475 386.090611 272.207893 402.084444 
317.260797 267.101805 302.882884 303.935224 319.744961 251.092488 283.135913 284.000689 216.891133 334.602778 
411.322991 375.088080 404.560935 383.939698 448.465121 346.913347 386.884644 406.842517 361.438969 462.454783 
325.340787 278.453224 345.694948 295.546082 372.564646 253.111964 323.836964 387.942545 292.911130 365.167247 
311.143865 237.486177 242.590355 258.179674 318.528410 251.115759 231.187620 277.543746 246.575095 297.626818 
437.598956 391.017528 412.221011 337.616026 459.193403 328.277947 425.321175 425.999325 323.549781 447.062442 
318.023003 275.023047 324.092881 334.102759 345.754281 300.245219 312.994067 303.560196 304.444931 372.673037 
337.298364 229.495928 303.471190 277.281182 362.810704 241.214598 263.516097 358.917168 276.456211 333.791435 
386.565607 326.983298 354.581704 306.475392 424.139653 305.806306 343.370348 375.572737 269.107225 360.317115 
278.643436 224.746538 261.378675 210.182432 296.655561 191.694983 261.089180 290.698906 201.705679 291.941423 
---------------------------------------
Vetor V:
3532.644825
2939.568755
3329.577814
3042.980796
3770.917691
2779.972045
3142.742483
3497.168440
2765.288047
3667.721522
---------------------------------------
Valor E: 32468.582418
=======================================

Nome: ./matrizes/matrix3.in
---------------------------------------
Matriz A:
5.067000 3.760000 6.238000 7.861000 7.922000 8.840000 2.807000 4.499000 3.838000 2.215000 
6.802000 2.537000 8.771000 5.625000 8.065000 3.420000 9.325000 4.017000 6.580000 8.930000 
7.512000 5.250000 5.381000 7.767000 1.754000 8.424000 7.620000 6.582000 5.277000 8.030000 
8.460000 1.005000 5.325000 7.413000 7.406000 5.316000 4.508000 4.391000 8.426000 2.220000 
4.583000 1.581000 3.301000 8.897000 2.227000 8.279000 5.070000 2.875000 3.828000 9.510000 
9.606000 7.656000 6.628000 6.657000 2.319000 3.543000 9.944000 9.828000 4.682000 4.892000 
3.611000 7.077000 2.154000 5.422000 7.259000 6.659000 5.731000 8.298000 5.310000 8.081000 
8.991000 7.880000 8.310000 1.289000 1.387000 4.238000 2.859000 4.678000 1.114000 8.928000 
3.911000 3.276000 7.131000 1.478000 1.188000 4.357000 6.337000 8.590000 4.617000 6.782000 
7.413000 4.195000 8.388000 5.459000 4.062000 5.934000 9.223000 7.967000 8.873000 6.372000 
---------------------------------------
Matriz B:
8.194000 8.340000 7.294000 3.294000 9.093000 3.298000 2.419000 4.164000 1.452000 2.754000 
1.164000 7.471000 6.163000 6.861000 3.466000 9.306000 9.245000 1.170000 4.637000 1.452000 
7.898000 7.224000 9.393000 8.728000 1.071000 3.500000 9.677000 6.107000 7.028000 7.672000 
6.588000 4.783000 5.945000 5.559000 7.073000 5.527000 9.585000 2.153000 6.679000 5.683000 
9.907000 1.464000 9.513000 2.965000 9.889000 1.682000 1.181000 7.705000 8.875000 9.405000 
8.123000 2.401000 1.614000 4.946000 3.397000 4.100000 1.189000 9.225000 3.192000 3.299000 
1.755000 5.855000 5.392000 3.244000 4.872000 6.316000 6.072000 6.628000 2.875000 9.077000 
8.814000 8.047000 6.223000 5.361000 3.320000 9.823000 6.850000 4.426000 5.785000 5.709000 
9.209000 5.529000 2.199000 8.448000 7.204000 2.364000 4.104000 6.708000 9.157000 5.926000 
7.229000 6.439000 8.822000 6.927000 7.511000 3.355000 6.164000 6.733000 3.490000 1.787000 
---------------------------------------
Matriz C:
393.179052 273.955988 326.201616 288.835767 302.656481 244.978123 279.864392 302.282666 296.633473 293.481730 
449.621532 366.771030 431.846243 357.694240 384.439109 279.288484 358.479030 374.506937 344.812531 371.335392 
425.169103 379.150772 378.640573 357.981901 350.469510 325.079797 367.823088 347.333954 303.731852 310.385577 
418.195092 298.205685 330.768310 295.424629 343.758140 230.087738 273.122115 311.769042 309.843671 314.817444 
351.629268 274.792730 299.162377 281.838852 297.015945 229.463140 280.206504 289.818404 242.250318 241.174336 
418.138048 423.629280 415.092444 361.811604 354.583833 368.173077 405.985485 328.070943 317.772986 342.609011 
407.078376 332.818924 367.730268 327.762199 346.845742 312.158417 326.709888 330.245077 316.397139 303.099524 
326.183944 330.289162 345.637816 294.058550 259.740351 255.498009 303.055989 257.204112 219.085197 209.522323 
327.457853 303.300299 300.426918 283.478730 235.150529 254.446516 287.576327 272.851358 239.167932 250.224070 
470.463682 408.264115 414.420296 389.879203 373.034330 333.044462 388.330567 383.608231 356.712555 372.831087 
---------------------------------------
Vetor V:
3987.115950
3391.177985
3609.926861
3238.765675
3247.693970
2832.217763
3271.153385
3197.690724
2946.407654
3009.480494
---------------------------------------
Valor E: 32731.630461
=======================================

Nome: ./matrizes/matrix4.in
---------------------------------------
Matriz A:
5.781000 1.789000 1.569000 6.310000 4.142000 7.834000 4.462000 9.102000 1.054000 6.370000 
7.052000 8.212000 8.210000 2.081000 3.397000 7.239000 5.585000 8.865000 8.854000 8.790000 
8.437000 1.429000 7.312000 5.914000 1.497000 3.354000 2.047000 2.961000 6.600000 6.160000 
8.694000 2.835000 6.360000 5.941000 7.250000 4.182000 9.579000 1.037000 9.058000 4.842000 
6.142000 5.392000 6.827000 8.934000 7.203000 4.939000 2.984000 3.618000 3.230000 5.388000 
9.811000 7.743000 7.468000 6.929000 3.546000 8.722000 8.570000 5.394000 5.138000 4.404000 
8.419000 7.535000 9.961000 5.070000 1.121000 4.796000 3.898000 3.554000 9.662000 1.244000 
3.623000 7.364000 7.377000 3.025000 2.587000 4.325000 9.595000 8.979000 7.770000 6.668000 
2.651000 4.128000 4.035000 2.993000 6.034000 1.509000 8.360000 8.241000 5.711000 9.916000 
4.288000 3.578000 5.259000 4.004000 1.417000 8.696000 7.033000 9.151000 7.101000 6.985000 
---------------------------------------
Matriz B:
6.139000 8.581000 8.565000 2.117000 9.305000 4.544000 2.062000 7.700000 6.211000 7.991000 
6.662000 1.622000 7.065000 9.975000 9.776000 3.852000 7.140000 8.463000 8.626000 2.220000 
8.963000 5.032000 9.582000 4.639000 1.549000 8.197000 6.451000 5.760000 8.381000 4.636000 
7.048000 5.515000 9.416000 6.401000 2.235000 4.378000 4.199000 8.633000 1.705000 8.059000 
3.630000 1.091000 6.964000 5.887000 2.677000 9.977000 4.340000 2.970000 1.133000 8.935000 
3.140000 7.259000 1.230000 3.779000 1.385000 4.818000 6.891000 6.133000 9.335000 1.950000 
9.048000 9.626000 6.787000 8.752000 9.923000 4.928000 9.256000 6.131000 8.505000 4.930000 
8.011000 4.250000 6.145000 3.192000 2.181000 3.808000 1.497000 2.835000 3.014000 5.367000 
8.991000 5.572000 5.837000 8.388000 5.703000 1.840000 6.352000 2.642000 8.729000 9.782000 
8.866000 7.003000 5.745000 4.644000 1.208000 2.437000 4.435000 3.925000 2.809000 4.226000 
---------------------------------------
Matriz C:
324.819156 288.706015 304.046608 238.269433 187.586734 226.827513 223.143489 264.460949 245.545754 268.656737 
500.404309 385.204857 443.801922 387.869887 318.254683 307.847661 359.692585 360.806234 434.614876 372.752629 
340.696726 282.307694 328.660860 236.713587 197.524428 209.284357 221.834595 257.807173 270.348723 288.644557 
429.932913 363.231013 419.082095 358.311496 311.763749 300.671582 333.653008 330.644194 366.402302 387.922280 
372.233793 288.615682 388.768818 306.493079 228.959445 286.969888 275.462986 319.293929 290.988609 327.184369 
473.838247 404.610900 457.561960 386.610641 347.040252 326.318396 367.846237 406.626048 433.933784 374.813948 
407.665428 313.762230 394.073586 328.651864 291.441637 258.971562 302.911985 326.866845 387.153803 328.472876 
469.437013 351.567566 409.521457 375.061923 303.967489 277.213016 342.552246 324.016242 391.536448 335.105066 
408.600062 300.552337 360.275231 319.315958 241.683698 248.850369 280.094422 260.230967 285.562463 313.245753 
420.683773 350.888538 356.205988 318.762750 246.492441 249.533317 306.081819 300.937019 360.183989 311.242322 
---------------------------------------
Vetor V:
4148.311420
3329.446832
3861.998525
3256.060618
2674.714556
2692.487661
3013.273372
3151.689600
3466.270751
3308.040537
---------------------------------------
Valor E: 32902.293872
=======================================

Nome: ./matrizes/matrix5.in
---------------------------------------
Matriz A:
5.728000 6.714000 4.763000 1.218000 2.049000 2.412000 5.060000 2.070000 3.411000 2.091000 
7.741000 8.569000 2.919000 3.249000 8.055000 9.535000 5.454000 1.598000 3.738000 7.993000 
1.647000 4.345000 3.597000 3.464000 9.814000 2.093000 4.251000 1.269000 3.095000 6.542000 
8.481000 6.839000 7.889000 4.118000 4.585000 7.348000 7.873000 4.977000 8.591000 4.325000 
2.697000 1.036000 6.084000 6.837000 4.956000 1.421000 1.924000 3.057000 5.313000 3.038000 
6.244000 4.190000 4.836000 3.952000 8.117000 5.393000 7.423000 9.519000 8.045000 6.782000 
1.343000 7.865000 3.118000 5.537000 6.379000 5.867000 9.100000 6.251000 2.409000 8.212000 
6.671000 1.853000 4.628000 4.415000 1.275000 1.355000 1.330000 5.643000 1.431000 4.964000 
4.162000 7.873000 5.805000 8.590000 6.921000 7.731000 6.092000 5.417000 2.816000 1.112000 
5.109000 1.521000 3.878000 5.537000 1.038000 1.226000 7.061000 2.393000 3.751000 2.810000 
---------------------------------------
Matriz B:
7.464000 2.371000 4.814000 2.774000 7.627000 5.755000 1.069000 4.633000 1.055000 3.091000 
2.359000 6.264000 5.462000 9.246000 1.623000 9.002000 1.042000 2.338000 9.554000 7.539000 
2.118000 9.496000 3.186000 7.056000 3.991000 4.198000 4.167000 4.109000 1.026000 9.782000 
5.944000 7.173000 3.282000 3.886000 3.142000 9.576000 5.781000 4.043000 9.656000 9.827000 
7.426000 1.677000 3.189000 8.406000 2.506000 4.575000 5.219000 6.958000 4.454000 3.985000 
5.129000 9.430000 3.567000 3.393000 7.622000 2.658000 4.911000 7.418000 1.666000 4.084000 
8.358000 5.738000 2.078000 2.564000 6.333000 7.089000 7.131000 5.645000 4.906000 7.988000 
8.845000 5.464000 5.922000 4.445000 9.701000 1.256000 2.882000 8.967000 7.829000 8.542000 
1.228000 4.970000 4.383000 6.339000 4.283000 1.416000 7.317000 3.003000 9.018000 7.130000 
1.759000 1.371000 5.457000 8.956000 2.987000 7.420000 7.243000 4.011000 6.086000 9.514000 
---------------------------------------
Matriz C:
171.974373 195.949270 147.690939 204.240117 173.920605 199.663437 144.698962 164.635479 184.497694 247.214343 
290.577831 296.040100 244.529167 350.354827 277.595106 332.521196 265.757554 296.207806 297.787247 379.964828 
196.427487 181.998855 158.866190 267.931843 157.428840 231.979252 206.801165 201.296137 226.102844 283.835740 
320.339303 365.377437 264.753429 357.402480 335.560119 329.751347 297.559590 322.975116 336.193600 451.497171 
175.179100 199.724866 143.304910 212.448145 164.935877 189.853765 185.092998 178.996798 209.219244 276.667770 
346.206088 323.675997 270.511421 365.153209 341.655913 309.560020 311.241048 349.678537 359.645335 453.892947 
294.306891 297.402081 230.100187 333.426685 266.671438 326.125122 276.751589 295.309706 336.696176 419.130946 
178.143799 170.338847 149.911585 182.787163 183.874448 181.588564 139.350981 173.344722 173.877004 250.118896 
308.283527 340.509227 222.522212 310.597324 277.462121 315.893295 248.301443 297.656870 316.675867 398.163876 
186.574430 187.571628 131.732401 167.685966 178.645887 199.626704 171.701148 165.716299 188.335738 259.072091 
---------------------------------------
Vetor V:
2468.012829
2558.588308
1963.922441
2752.027759
2357.750354
2616.562702
2247.256478
2445.817470
2629.030749
3419.558608
---------------------------------------
Valor E: 25458.527698
=======================================

Nome: ./matrizes/matrix6.in
---------------------------------------
Matriz A:
5.297000 3.679000 6.571000 9.642000 5.563000 5.625000 4.735000 4.666000 3.514000 7.063000 
9.525000 6.333000 2.104000 9.228000 9.069000 5.086000 9.204000 7.128000 3.631000 3.017000 
2.935000 8.530000 7.690000 2.057000 1.936000 4.950000 6.055000 8.305000 4.446000 5.769000 
7.529000 5.647000 6.572000 7.751000 1.570000 3.722000 7.924000 4.849000 6.615000 8.458000 
6.357000 2.513000 7.411000 3.765000 9.889000 8.176000 1.027000 7.574000 2.695000 7.406000 
6.290000 4.292000 7.971000 4.366000 8.507000 7.166000 8.488000 3.611000 6.941000 7.178000 
4.271000 6.277000 1.736000 1.892000 6.125000 9.880000 4.302000 7.871000 2.284000 2.922000 
7.239000 7.940000 4.196000 7.630000 7.664000 8.388000 3.638000 8.098000 2.006000 1.515000 
6.563000 9.736000 3.151000 8.232000 2.642000 6.147000 8.275000 5.401000 8.383000 4.207000 
3.223000 5.100000 9.650000 1.183000 7.332000 6.544000 6.268000 9.452000 8.927000 1.706000 
---------------------------------------
Matriz B:
1.431000 2.875000 4.833000 9.949000 6.642000 4.911000 6.052000 3.528000 5.339000 3.848000 
9.845000 9.483000 6.858000 2.908000 9.281000 1.010000 7.873000 4.609000 6.626000 3.107000 
6.601000 1.070000 2.181000 4.963000 6.649000 3.017000 4.935000 3.907000 9.031000 1.885000 
8.381000 5.071000 4.277000 3.616000 4.931000 5.177000 7.691000 5.154000 9.663000 4.277000 
3.306000 5.536000 8.316000 3.303000 5.377000 4.401000 7.625000 2.946000 3.388000 6.846000 
8.305000 4.086000 1.427000 6.023000 1.046000 7.332000 1.295000 2.109000 4.281000 6.612000 
7.630000 1.547000 6.040000 1.673000 6.767000 3.697000 3.859000 9.394000 7.102000 9.922000 
1.484000 5.768000 9.831000 6.822000 5.272000 7.615000 9.533000 8.405000 1.906000 9.184000 
6.251000 8.321000 9.165000 9.449000 9.641000 5.545000 1.482000 9.787000 7.648000 3.920000 
3.195000 9.357000 5.417000 1.401000 6.437000 9.087000 7.850000 6.482000 5.003000 1.379000 
---------------------------------------
Matriz C:
320.676131 289.389920 305.626878 265.981850 332.342657 301.899457 340.714609 303.136019 352.831780 274.063447 
352.569544 321.270574 391.487277 320.140718 389.907540 320.354232 397.132344 357.484092 375.303474 370.657636 
308.437579 287.176882 311.633618 252.696943 340.279733 264.396523 314.275529 314.050919 310.962299 268.807886 
346.842958 319.845730 342.941696 300.266788 394.074933 316.590498 351.864303 365.449373 391.542376 288.163678 
274.490983 294.280517 319.608958 292.084905 315.647304 322.790596 348.076083 276.434443 301.799861 284.628857 
364.545584 324.708561 366.127085 316.143867 398.976387 334.449050 352.732349 360.338815 391.855867 331.346937 
265.645602 255.934888 280.727184 242.509496 262.202044 256.802485 275.841419 247.276526 239.043991 282.514627 
332.327962 299.194898 335.103796 301.768414 333.681391 290.966082 361.115016 289.813894 328.950184 321.418395 
391.816835 349.128144 374.009448 320.557478 408.502008 307.319164 352.208430 375.958478 397.043654 325.753318 
330.128453 295.742995 368.808789 324.408450 374.298906 296.618747 321.676121 350.830237 341.776018 331.306223 
---------------------------------------
Vetor V:
3287.481631
3036.673109
3396.074729
2936.558909
3549.912903
3012.186834
3415.636203
3240.772796
3431.109504
3078.661004
---------------------------------------
Valor E: 32385.067622
=======================================

Nome: ./matrizes/matrix7.in
---------------------------------------
Matriz A:
7.373000 6.907000 2.130000 7.361000 4.293000 7.706000 8.123000 4.476000 1.308000 9.232000 
4.481000 6.383000 3.439000 6.869000 3.475000 9.084000 7.787000 5.851000 3.629000 2.888000 
9.510000 5.679000 3.168000 8.391000 1.222000 2.976000 4.242000 8.885000 8.467000 6.154000 
3.325000 9.893000 3.813000 4.774000 1.871000 3.391000 1.156000 8.505000 8.623000 6.785000 
7.676000 3.940000 5.936000 2.785000 5.068000 5.631000 5.188000 3.134000 2.331000 1.991000 
7.986000 8.017000 7.009000 9.791000 8.795000 5.083000 6.116000 1.658000 2.288000 1.574000 
7.529000 7.403000 6.855000 1.349000 5.657000 8.418000 2.433000 2.548000 8.454000 4.517000 
2.919000 9.782000 9.704000 6.176000 7.271000 7.636000 5.557000 5.087000 5.614000 8.088000 
7.274000 6.764000 6.531000 3.287000 8.655000 8.858000 5.449000 1.721000 4.870000 7.836000 
6.021000 4.624000 9.152000 4.554000 3.893000 8.045000 6.978000 2.626000 3.658000 9.833000 
---------------------------------------
Matriz B:
9.178000 2.436000 4.023000 1.577000 1.728000 6.374000 9.405000 7.600000 4.429000 2.233000 
3.763000 9.427000 5.224000 4.977000 2.851000 8.236000 7.609000 4.376000 7.632000 8.891000 
9.402000 6.045000 4.423000 8.365000 5.703000 1.933000 3.537000 3.574000 1.900000 2.840000 
1.700000 4.337000 5.942000 9.184000 1.873000 5.703000 7.938000 5.592000 9.345000 4.805000 
4.046000 8.961000 7.650000 2.219000 7.358000 8.434000 4.633000 8.303000 6.329000 8.196000 
6.463000 2.782000 6.656000 6.846000 6.066000 2.924000 3.788000 3.680000 6.926000 4.299000 
5.264000 1.926000 3.216000 4.152000 6.701000 1.937000 3.105000 7.418000 4.417000 1.340000 
7.602000 7.414000 3.233000 7.867000 8.890000 4.757000 1.315000 7.078000 9.966000 5.101000 
1.293000 1.867000 3.944000 7.661000 1.818000 2.443000 4.408000 8.595000 2.756000 8.163000 
5.952000 2.985000 9.412000 6.638000 4.737000 6.828000 2.878000 7.692000 4.353000 3.361000 
---------------------------------------
Matriz C:
326.799883 266.610607 335.681197 333.947669 277.033225 311.976256 300.386868 373.230369 363.025790 263.029225 
289.278110 251.852127 279.898911 325.920702 263.566004 254.325079 264.092780 327.555182 339.474602 256.673473 
314.331290 259.695255 294.636541 363.137249 245.409244 293.561865 307.289582 390.935773 355.649065 284.659410 
263.469987 272.950119 276.257053 340.395862 230.147373 273.055673 251.754375 331.977934 320.582131 297.190982 
268.718316 208.405247 225.266228 234.012033 211.309544 212.189138 226.320570 271.186461 241.686886 196.814368 
311.568368 305.857942 313.169343 321.773381 257.852791 311.427622 334.409039 356.184135 348.933496 290.618893 
310.989831 262.372759 298.522912 313.528638 244.146255 270.559141 281.360677 343.097249 288.684417 291.585436 
367.428490 354.212191 381.494710 419.382117 330.642063 340.703730 319.811946 410.373151 388.563449 349.551226 
346.176810 293.156735 354.233692 335.290255 290.458829 316.483154 305.925546 385.798349 331.844859 301.911650 
354.146521 259.688288 337.152847 357.530608 285.090357 278.565024 278.386244 363.524197 312.138813 254.577723 
---------------------------------------
Vetor V:
3152.907606
2734.801270
3096.313434
3344.918514
2635.655685
2862.846682
2869.737627
3553.862800
3290.583508
2786.612386
---------------------------------------
Valor E: 30328.239512
=======================================

Nome: ./matrizes/matrix8.in
---------------------------------------
Matriz A:
3.693000 4.211000 7.700000 7.016000 9.917000 1.600000 9.635000 5.068000 1.697000 1.885000 
8.227000 3.015000 5.888000 7.255000 6.275000 9.379000 1.979000 6.236000 4.457000 1.598000 
5.787000 5.167000 5.088000 4.337000 6.889000 8.352000 8.094000 5.664000 6.053000 1.627000 
1.206000 2.154000 2.323000 4.968000 2.254000 6.061000 2.409000 1.456000 8.115000 8.488000 
7.463000 4.242000 6.027000 8.497000 6.323000 5.213000 6.150000 8.800000 4.292000 8.265000 
6.153000 8.342000 9.278000 2.789000 4.088000 7.152000 5.108000 5.561000 7.136000 4.874000 
9.054000 4.929000 2.619000 5.353000 9.908000 3.218000 5.234000 8.084000 6.400000 9.183000 
1.083000 8.803000 8.698000 7.367000 9.066000 9.907000 9.542000 3.120000 1.378000 5.105000 
5.597000 7.723000 6.981000 2.751000 8.030000 9.555000 6.490000 9.924000 5.704000 4.079000 
6.990000 3.051000 9.071000 6.061000 1.631000 5.675000 6.720000 5.736000 5.645000 1.936000 
---------------------------------------
Matriz B:
1.427000 7.114000 8.674000 9.921000 1.503000 7.798000 3.827000 9.078000 2.952000 9.540000 
5.931000 5.897000 1.889000 4.312000 8.652000 6.701000 4.228000 2.856000 1.641000 9.971000 
8.826000 1.887000 9.510000 8.091000 9.489000 1.206000 5.529000 7.064000 7.033000 5.566000 
3.358000 8.883000 7.597000 8.229000 7.356000 3.417000 4.298000 8.139000 2.997000 3.049000 
3.804000 2.597000 7.606000 5.904000 4.661000 4.365000 5.700000 4.220000 1.005000 2.954000 
1.122000 8.747000 4.952000 6.371000 9.826000 7.312000 2.526000 3.816000 5.895000 7.542000 
6.921000 8.824000 6.372000 1.541000 4.134000 9.622000 8.499000 1.871000 7.966000 7.490000 
5.944000 7.103000 6.677000 1.757000 3.292000 7.310000 5.639000 5.159000 5.330000 1.549000 
2.202000 1.224000 4.934000 4.342000 9.990000 8.913000 1.760000 3.810000 9.206000 7.795000 
3.345000 7.318000 7.401000 3.843000 4.049000 8.718000 7.277000 6.634000 9.759000 5.389000 
---------------------------------------
Matriz C:
268.134894 304.595748 367.424254 281.939457 309.704225 306.576543 292.403969 268.146591 250.174771 286.233965 
206.268077 329.103978 370.405502 338.262858 348.801632 330.502250 238.885036 309.664122 259.611456 320.550227 
242.406971 341.678927 366.349233 305.391549 366.925807 379.265942 274.352516 277.694523 296.770384 356.960982 
138.645079 232.312000 249.452330 206.977261 279.286581 277.922415 180.810742 205.831057 260.808102 242.727413 
279.406668 409.488276 448.814586 356.898221 379.043014 422.454444 335.138979 366.260325 349.995735 368.633150 
273.509173 337.397740 386.021476 332.091939 409.754239 390.634447 286.269072 310.233084 335.323005 396.803062 
253.630998 378.488405 431.583391 340.665709 347.651336 438.416654 325.739516 349.231959 331.522976 371.059221 
305.561729 397.075901 408.938369 342.132554 438.275120 386.517866 336.085118 305.505071 323.554502 385.035957 
296.021035 391.991114 424.767365 344.114611 426.024311 439.525286 325.243109 327.052139 347.847027 403.856675 
240.565483 313.667595 362.513090 303.942291 341.823104 328.999682 252.967901 290.631537 297.661305 327.347863 
---------------------------------------
Vetor V:
2504.150107
3435.799684
3816.269596
3152.416450
3647.289369
3700.815529
2847.895958
3010.250408
3053.269263
3459.208515
---------------------------------------
Valor E: 32627.364879
=======================================

Nome: ./matrizes/matrix10.in
---------------------------------------
Matriz A:
1.154000 6.193000 6.332000 2.819000 9.999000 9.160000 7.495000 3.231000 2.997000 9.874000 
5.597000 1.653000 6.232000 6.191000 7.245000 6.483000 4.814000 4.789000 9.976000 8.948000 
5.711000 8.561000 9.612000 6.415000 3.009000 7.016000 3.943000 4.168000 4.279000 6.039000 
5.386000 4.686000 9.209000 4.383000 2.210000 7.283000 8.063000 2.863000 9.561000 1.178000 
9.501000 7.667000 3.049000 2.797000 8.540000 5.716000 8.550000 6.869000 9.131000 7.145000 
5.803000 9.452000 8.719000 2.574000 1.480000 8.206000 7.232000 4.113000 7.584000 3.484000 
8.800000 1.279000 3.400000 4.550000 6.591000 8.871000 3.359000 4.325000 5.825000 2.334000 
7.809000 9.141000 2.807000 6.558000 1.782000 7.765000 1.985000 7.919000 7.356000 1.620000 
4.102000 3.129000 2.088000 5.441000 9.327000 1.878000 8.972000 6.806000 3.465000 9.700000 
4.378000 5.521000 5.800000 3.564000 5.401000 2.897000 2.056000 6.087000 9.224000 6.918000 
---------------------------------------
Matriz B:
4.452000 3.333000 3.709000 8.015000 6.688000 6.980000 8.220000 3.041000 3.299000 1.953000 
1.209000 3.214000 3.935000 1.215000 6.616000 8.452000 8.076000 1.280000 4.233000 4.289000 
9.233000 9.384000 3.194000 8.617000 9.993000 7.151000 9.405000 2.495000 9.460000 2.679000 
4.348000 8.400000 8.624000 4.933000 2.381000 2.443000 7.874000 6.649000 7.934000 1.552000 
8.040000 8.200000 5.982000 5.075000 9.532000 6.446000 6.166000 1.048000 4.469000 7.741000 
7.676000 6.056000 5.435000 5.018000 4.127000 3.719000 8.065000 6.392000 9.357000 2.268000 
1.393000 2.799000 3.667000 8.451000 1.528000 1.346000 3.366000 7.551000 7.497000 8.001000 
5.777000 6.611000 8.677000 2.437000 6.161000 7.219000 2.427000 2.236000 2.967000 5.120000 
1.398000 8.393000 7.473000 3.506000 4.455000 4.930000 8.895000 9.569000 9.948000 6.536000 
8.138000 1.824000 8.324000 9.715000 8.076000 3.824000 8.769000 4.556000 4.190000 2.233000 
---------------------------------------
Matriz C:
347.699873 329.817075 342.891032 359.600165 376.244953 297.030944 423.092276 252.491395 379.646940 266.478443 
340.525380 378.307264 387.375606 374.669349 374.768761 307.989675 458.703286 308.167362 413.607991 263.332121 
315.161372 343.317409 329.895440 338.274810 363.336256 321.700803 446.538730 250.512886 385.799394 217.124031 
258.124687 342.364421 294.096244 317.682096 302.675255 278.253914 405.067234 287.506502 406.511115 240.007686 
326.921755 372.070655 400.087534 387.982906 410.155020 369.495499 478.798628 310.244694 411.735431 322.233290 
276.635360 332.433098 310.100872 326.090675 340.890272 319.227244 433.947992 274.867606 401.921098 245.564412 
269.787001 302.476539 288.216031 283.817132 288.140679 256.525848 356.737015 232.152308 320.911291 202.285971 
246.160188 321.074211 327.766291 255.844677 303.076715 310.524441 395.201083 248.022575 342.004505 211.683718 
289.984573 293.762971 345.712964 337.062727 328.026272 265.792119 356.723059 239.960516 311.523044 262.868314 
268.097272 314.564965 322.150885 283.061707 333.296798 291.631554 384.258630 231.644538 326.423222 225.030322 
---------------------------------------
Vetor V:
2939.097461
3330.188608
3348.292899
3264.086244
3420.610981
3018.172041
4139.067933
2635.570382
3700.084031
2456.608308
---------------------------------------
Valor E: 32251.778888
=======================================

Nome: ./matrizes/matrix9.in
---------------------------------------
Matriz A:
3.861000 5.842000 3.919000 7.755000 6.081000 7.207000 1.455000 7.657000 3.204000 5.240000 
8.798000 3.833000 9.148000 6.290000 9.984000 4.220000 9.427000 6.225000 3.185000 4.237000 
1.756000 3.809000 1.237000 9.281000 2.197000 6.869000 4.855000 4.012000 3.483000 8.656000 
2.618000 8.431000 2.944000 6.482000 5.736000 4.793000 8.791000 4.031000 2.836000 4.796000 
2.806000 6.697000 7.253000 1.857000 9.503000 1.577000 9.022000 3.451000 7.244000 1.872000 
9.263000 5.989000 3.989000 4.216000 3.134000 2.310000 8.562000 9.756000 2.676000 8.211000 
1.888000 2.257000 5.686000 3.608000 5.732000 1.900000 9.337000 5.101000 9.234000 6.329000 
3.845000 4.239000 2.899000 4.598000 1.742000 4.674000 3.796000 2.950000 5.175000 7.517000 
4.844000 6.818000 1.446000 7.540000 7.571000 7.012000 3.544000 2.619000 3.026000 4.586000 
8.599000 6.275000 2.190000 9.581000 5.707000 1.129000 5.359000 5.110000 1.540000 4.290000 
---------------------------------------
Matriz B:
9.032000 9.818000 9.148000 7.753000 6.718000 4.018000 5.280000 3.281000 6.133000 1.043000 
5.622000 9.719000 1.875000 1.925000 2.172000 9.262000 1.366000 5.869000 8.848000 1.703000 
3.359000 5.216000 1.175000 5.661000 5.623000 2.364000 3.977000 4.522000 1.584000 2.727000 
7.547000 9.061000 6.796000 2.087000 4.027000 1.397000 5.094000 5.790000 9.700000 3.995000 
5.348000 4.747000 2.321000 3.785000 8.228000 8.511000 1.993000 5.592000 4.404000 2.514000 
1.342000 6.526000 3.916000 8.408000 8.539000 7.267000 6.083000 7.948000 5.327000 3.160000 
4.201000 7.627000 7.761000 8.018000 3.827000 2.709000 2.788000 8.847000 5.149000 1.372000 
4.353000 9.910000 7.645000 5.494000 4.366000 1.766000 7.921000 3.137000 4.711000 1.355000 
2.496000 7.519000 1.969000 6.858000 1.773000 8.848000 7.852000 5.371000 6.141000 7.335000 
2.052000 4.352000 6.008000 6.714000 6.476000 7.920000 7.227000 4.486000 9.147000 1.918000 
---------------------------------------
Matriz C:
239.793204 395.168155 253.539212 274.051508 282.081664 281.162662 267.150624 278.471713 333.143104 139.629196 
321.613432 479.252035 333.345336 373.850461 358.723502 315.174189 296.900666 357.561870 366.005948 157.071295 
196.756705 340.711259 246.945825 256.361010 239.459593 246.450572 248.054705 267.403435 327.187901 130.245760 
238.359724 389.433872 252.793503 273.013435 254.009844 282.282656 224.022872 306.251457 334.525821 128.102674 
229.156303 368.322403 209.513654 282.355856 247.875981 294.838751 213.698430 295.684784 280.538324 144.182682 
284.376527 455.950633 341.261318 341.740297 293.437017 280.600766 296.228944 301.435378 364.707520 123.103577 
206.739218 361.170098 241.116669 305.080189 242.836729 275.695161 261.707280 289.791801 297.622673 155.739416 
175.717299 304.315912 207.488301 242.473003 209.361862 237.595694 221.857014 228.469599 276.831567 118.234756 
236.995329 367.079803 236.106956 256.562389 268.076258 289.277235 224.321154 280.566839 327.274961 131.323073 
282.048298 399.869704 285.245843 252.641368 252.223779 239.152880 228.244484 262.262723 336.175809 115.619063 
---------------------------------------
Vetor V:
2411.556039
3861.273874
2607.356617
2858.129516
2648.086229
2742.230566
2482.186173
2867.899599
3244.013628
1343.251492
---------------------------------------
Valor E: 27065.983733
=======================================

Nome: ./matrizes/matrix11.in
---------------------------------------
Matriz A:
9.377000 7.278000 3.832000 2.716000 1.472000 8.706000 3.259000 7.712000 9.637000 3.288000 
1.058000 2.324000 3.485000 3.125000 4.684000 3.397000 8.232000 5.456000 3.389000 8.278000 
2.748000 1.288000 8.771000 4.152000 2.035000 1.989000 5.508000 3.948000 2.038000 7.314000 
1.399000 5.873000 4.408000 4.200000 2.788000 7.131000 1.713000 9.195000 7.032000 2.459000 
5.634000 1.224000 3.813000 3.702000 9.620000 1.471000 6.525000 5.112000 2.440000 9.842000 
6.786000 6.334000 1.670000 6.677000 3.726000 5.964000 8.426000 6.009000 4.403000 8.251000 
4.336000 7.732000 3.478000 2.248000 9.312000 9.942000 4.424000 8.809000 1.669000 2.176000 
1.026000 9.072000 7.617000 6.134000 2.867000 9.355000 1.626000 7.390000 7.703000 7.867000 
1.995000 3.802000 9.534000 6.290000 7.957000 1.514000 7.549000 3.275000 5.207000 1.821000 
1.415000 3.181000 6.971000 1.065000 4.649000 1.456000 7.335000 8.833000 1.879000 5.161000 
---------------------------------------
Matriz B:
9.454000 3.084000 1.213000 2.666000 2.040000 1.728000 2.761000 6.326000 6.288000 9.548000 
8.648000 6.018000 1.319000 5.091000 2.172000 6.790000 9.359000 9.471000 1.570000 9.923000 
2.728000 6.167000 1.002000 7.450000 7.782000 6.086000 2.941000 2.734000 8.487000 8.320000 
5.478000 3.982000 2.992000 7.386000 2.074000 8.502000 5.394000 5.448000 8.580000 5.117000 
4.249000 1.918000 1.487000 6.991000 3.796000 7.083000 8.135000 4.087000 4.273000 9.219000 
3.827000 2.075000 1.704000 7.521000 3.108000 6.596000 5.365000 5.578000 4.559000 7.932000 
4.613000 8.815000 2.148000 9.402000 3.820000 6.692000 5.562000 7.049000 6.811000 6.784000 
5.907000 5.355000 9.757000 1.588000 8.253000 3.110000 2.645000 9.322000 1.946000 3.786000 
3.959000 1.726000 9.395000 5.675000 1.823000 6.959000 5.543000 1.113000 7.611000 9.483000 
9.594000 5.517000 8.125000 5.580000 1.241000 3.800000 8.384000 6.626000 8.665000 4.630000 
---------------------------------------
Matriz C:
346.781142 232.852177 249.464738 302.353523 200.781639 305.236843 298.116406 335.476652 311.237338 448.075361 
252.667740 220.518236 199.959209 273.476500 162.071661 248.067183 256.511817 260.858661 266.400811 295.242792 
227.016976 208.443828 161.583903 249.513362 165.592650 220.821481 208.753895 221.954199 271.213451 273.280219 
251.833291 193.753830 222.163824 254.948242 189.671318 269.953844 248.828082 272.488280 240.276071 336.569943 
305.415822 227.903297 206.940566 293.549527 176.368868 264.511190 290.197664 286.926205 307.526409 349.287842 
369.675516 275.028238 239.074527 342.790551 187.170691 324.464403 337.592560 367.337417 341.276920 417.229898 
307.202920 229.849269 185.269580 310.508985 218.958940 308.691589 311.182888 345.507931 252.157365 412.537309 
347.644799 264.673895 271.285755 356.010751 224.759812 361.256548 353.983666 351.605352 345.120577 443.694638 
244.063318 234.394849 162.104253 325.062376 202.095053 310.968690 270.691250 251.532127 307.498376 375.069724 
234.029850 226.351218 187.003134 245.670815 199.174383 227.301100 223.400846 261.395160 234.864185 287.848296 
---------------------------------------
Vetor V:
2886.331374
2313.768837
2084.849489
2953.884632
1926.645015
2841.272871
2799.259074
2955.081984
2877.571503
3638.836022
---------------------------------------
Valor E: 27277.500801
=======================================

Nome: ./matrizes/matrix13.in
---------------------------------------
Matriz A:
2.860000 9.144000 8.238000 8.650000 2.334000 9.785000 5.575000 4.015000 2.929000 7.411000 
5.528000 1.824000 7.065000 3.098000 6.596000 4.593000 9.063000 7.119000 7.928000 2.435000 
5.814000 1.252000 7.728000 1.312000 5.393000 9.634000 6.556000 1.625000 8.524000 1.681000 
7.547000 6.548000 2.649000 6.425000 7.971000 2.717000 2.131000 3.830000 9.728000 3.343000 
6.401000 6.817000 7.459000 1.753000 9.082000 4.764000 6.735000 6.802000 2.474000 9.505000 
6.868000 3.343000 6.500000 9.513000 9.840000 7.770000 7.842000 6.491000 2.725000 7.556000 
9.762000 8.034000 3.760000 8.826000 5.010000 1.636000 8.530000 6.867000 1.022000 4.468000 
7.576000 6.060000 2.424000 7.060000 9.922000 1.540000 6.029000 3.881000 5.424000 6.757000 
9.442000 7.905000 4.447000 4.575000 8.564000 3.271000 8.579000 1.188000 8.166000 9.119000 
5.085000 7.891000 7.194000 2.753000 3.435000 6.566000 4.723000 3.103000 7.983000 2.769000 
---------------------------------------
Matriz B:
7.449000 6.040000 8.857000 7.685000 7.308000 6.709000 5.043000 4.487000 6.108000 7.654000 
2.414000 2.991000 4.440000 5.959000 4.714000 6.523000 1.299000 4.020000 4.196000 9.349000 
2.386000 5.389000 5.324000 2.996000 3.345000 5.236000 6.593000 6.898000 3.554000 9.397000 
4.813000 2.375000 8.735000 9.884000 6.066000 6.326000 7.721000 3.471000 3.059000 3.760000 
1.057000 1.043000 8.076000 8.146000 5.708000 4.777000 4.999000 7.450000 4.824000 9.134000 
4.324000 4.607000 5.072000 2.494000 1.186000 3.372000 4.142000 8.941000 6.118000 1.109000 
9.663000 3.690000 3.827000 4.694000 4.019000 9.846000 1.321000 6.094000 9.670000 8.292000 
1.406000 6.264000 2.222000 1.393000 8.057000 5.175000 3.789000 7.744000 5.864000 3.412000 
3.662000 2.869000 8.288000 9.878000 8.662000 7.324000 8.822000 1.709000 3.872000 1.230000 
6.719000 4.095000 7.466000 8.261000 5.382000 7.064000 5.964000 8.749000 1.538000 2.959000 
---------------------------------------
Matriz C:
269.480274 241.549349 363.689079 351.979276 288.971968 370.305033 292.214208 376.228269 282.892568 334.943402 
247.159260 223.067961 332.689631 321.212034 310.078605 353.912915 276.153163 327.042582 299.750670 319.140703 
226.587200 199.341912 313.973006 287.345030 246.731779 301.448762 258.932454 297.108447 265.716494 269.067659 
213.504555 188.988483 366.547069 379.215106 324.255294 330.764232 287.823487 272.955866 243.590055 296.448499 
268.138660 248.312646 371.852279 359.399645 326.445436 383.781380 282.164193 405.023385 301.743269 387.870513 
310.174469 263.519467 435.684363 420.927006 358.865871 419.439900 340.713369 433.711690 339.250951 392.049359 
281.775194 232.698212 357.736104 362.899379 328.374893 381.439223 257.372889 330.619274 301.458178 374.561194 
